$ANSIBLE_VAULT;1.1;AES256
37396665626565353662336163613865303066333363646664323062643062313635363036666532
3539386534363835373834393866343764336664343966620a386462313236353065346335356130
61626431626330393762326266653737346361643535623566396132353130306661643536393338
3466663464626466380a663631356435333363656263363564393134326332393537653332613835
63313038616336623532313632323633346163376639393664623335326236363536333532326433
66623066363137336235373234643536313064373531383761633462356431616233363264323764
37353632663936376233366336323764623465656636613332316231656561386264643564313964
39376562313563643536383263383163613464663765626137343134656263353333643235666137
64313162663562386661386665663739633466653261386164303263393964366266326361623932
65653134663163336661663361616362353066633133373633636237336131326630363334346664
66383831376534663165653036323539366432383833303236393162356261376364653036353665
31316462303039383630383666636236316332396430393164303733643237363164326564653337
39363032613638626134306663663162636237393162643932333562393866643632323961373930
35656164623234333738373166633163393437633639383865306632663466393735316365356639
32633065386362626163653361626364323962373139396563613762393866643738373634393466
37333935376533613364323733386666666663623935383834383839353930303435663832333439
38366630333237663138326237666137626639356234613637393931386335343030343931333532
37386565343433393735336262353837636437363334393233633839306164336439363663343938
66313438626363346563646363626363386435323265383666636338353030373761343232306262
37623965373135373138333739366263353237386562373837626533663830626366393233613832
32343930663262636235386438613138653465383666373538313661636433633936633334343264
64623064303338316665313365633333643164663461623635303363333561313731396161633930
31353134356361653231666530663838323164623930326236353465393961343839653666663233
34353062306238653933323739313833333330333537363734316232636638393562623530313332
39633434666361383531666236343833343631366230343534396134366566613338333233393461
33353235613866666132646663316565646630366330623434353134666339623335626264393737
33333366613231653562383838313161376163336533366166326639353231616638663039623465
31303963326234336131633236386138363031633064626630363238616139643138613765303662
32396332666137613536396661383735303631333566663666353461396464373336653239626532
61636563343137626637393439393661636437616166383764666339353739623434623130356665
38653766643264313861386439643531393139663566626530616232393935656635383037326134
35666534633132616634636237363231663938343630343939316264666264303836356535643930
31303030623230366634383536303934346230663434326262656335313834316333353962333364
39303733653330373761383262316136623836366531336262646566333565623537323733396339
37366432316336643734653566633761313162313362373466633838333231653738346263623466
62663337363238613338353532613537313733643263666639383161363331653834643938353539
36343630366465633064616562653862393339616363353138646334656463343338333164333761
66306237633231383034633966636132333561396232663331373239353462306134633536306330
63626639653637616332623339336635626130656334623030636463616239623161643139306637
63643934393863656530613562393831393963376565623435303935323664323565363064633735
34653764626431333139656434333265386132343230366335666439356565656336616666643665
33633265656538353361616666363865323165633436626361393436333162613163383131343837
62396362383562636162643063303061656665623237393430383630343334316533373735626636
63373138666333346664393866363838333432386333316532623865633532663862336561613038
37326634323666323234653362313365373335653331316637626633663836646265386664323561
30623439613630376661346437366634376363626137366263386531346130343430646530373233
37623633333462366266643434313634343233316563616361353239336461663837646539343962
61353238383634636330383862656365353366663137653236346130643333663135396133313632
37396233386139393730663233636364616538633033656431633535653964356436376165383238
32333161383431646662356135323562626431666634643738343065353565663464366361616162
65323962396630326532653339316632323132363739393035366532646139653362313538313934
36363066353365393030346162666531383331653965343233643562346433356331373937333437
64363232356534643066333330633530376166633837303761363637323936613032613664336336
31653638326131656266623838623563356430333032613837613732333032326136333464646539
33336436346235643262663963313663323036343566626134306634643230323463333035656431
36343565353433396261323139613633303031396665363163353030396631623735383935626461
35613239626438353030343739366163643665663362666364386437366538363664646331383138
64623963373361643666306563643131386665306637356434323431343133323461656337633239
32343236643138333536626361656465313161323964363534336133336633633435343866316266
66613861316263376664303731343962303330643634663766623262623838313861633132633537
37336666383034336239346430323139343837656531386564333265343063643736383435633038
65396666303662363936356434306639666432316531303464633536363837336135633431326636
61393665353065336235626365366436663438316165303230643563666465623131383062383637
35613065323934323035316538343264616637363337393531393333393039316661323133306330
33346134313038636337323735366533643761616633303236393663373661376235643766333230
62623430393538323863393236643530333537316561336161643163353837366330343162363264
63643738303738636439303866356265636432626366623035386234393035323539623263626266
35323538633536383437313635633138643663383332393531366462366338643030323062373561
37666335376337346534666563626332336665383739383931653262393163366337363133396132
31636366346535613866393639356461353564336664663731316437626364303530636234313638
63643834383837643431613436353661363466623439613035666337356238613635376666373930
38333333393138303764393865643134663261343162323064326236366366306531376536393539
39353764656564313039396232623437386539313064613137616639363766326261316265363866
31353634376563376534326631333033633432616534623538343261656434633138636536353364
64366663656231633133323930396430343933313939333131643737636263663832333434313562
65393330333135333231376139653031316633626262343738616536666438353531323331646639
65636361616333306663306264653230373532333736316531323437643536353537353930633161
64383064343932343534333163616332616139626334393539313065313733396537653832326537
64323964323738353161336462343930623434643033663437316331303161646366666662383637
36643538383066316533373662313161373132626263393338373963383166326361343433383830
64353632623433666139636537343937653734366430373239336439646134666230326534643266
66346461623332616135346435323733613263636234653738646638343736366166316164313066
36646437363562336264653030336531656661353434623733656639396233356638363036666539
32326537643131356530356530626532376336623361363038643131383430663764313132323234
39346238633066343662313935323030343033343437396633643238396437346264633864326662
66366335363964633537366165396164663962653534306636366238396137303561666531356138
35376563643266323337316333353334303231353037643639653933383062343866306464343431
32353631343662333862386366663763653466353866386266666562646666633063323562623362
30373264383861316435303765363338306565333366386164393131323061366330653238363862
32323030373932663832336236646338623734353963393332653138623930376566336133353438
38646666363135343337396361363038373439363565383234653233653564316338363838313834
64336162396339613536313061653437313839353732383234383761633136393564306236646262
39656439393234333932356139346361336135326639613330386237663465316138353163636330
62383534326562323538653837616664393232656361363565373433383135353862383631626634
35393265616135393466393534333830653166323932333363643663626237666639306262393738
33636230333831636237396432386365636633373433623132303664666630623665383366646133
65623362353664356434663261376363353465306338373936356633623532373331373130633063
38633833313336346333366262323065626665353334303662343232356663666163613662636530
31613430303538393239326534643232613439623863316130623331373734663661643535656637
32336534323966623335313135306332626431623366353231623337613635353563616237613966
61363033343164356230363031626265353066343835653265373935613161383032343932336433
37613939353932386439613734366232393435313330653230393066333539326135383161393235
32653037663630346262613333386464343361313765633265343035356138343839646465336136
39353139613765323365303633326233633432633333353735333530373033653665343631626430
36313539386639323438346363336337306231326262346236616161643434323462316665356434
31346465653932383138666237323766636366633934306264653264626462343439343461323337
39333366636635386161343838383638656336633839353766323561313539313933383635303332
62396136646161396438386238343233333039623565396462316262363563313532626361313732
37383034613561626661323434653461353066643636323865666466303838303237356631656264
64363966373932386137646139366465666634336638656466373664393665343237303630656235
32396263393862636538383762623238623135343066393637666138313463303231383438623661
66316162333233623034366565626465393432616662386662336365616566323134303161373631
34656262346630336663653038333139386564356461646437653734353035346566643338666361
66303132326238613066363533396664643162363230636165353032666631396263313239633534
38383236353963663231346435363961353734393933373839633137386639313366343762366138
61663534356564313731356535653034643839343434663861643136336338326139346264366438
33623564313965633065333734323137383264343232643666306365313539663037356564653034
37653864636138646431663864656262396662386436616538373835646236653665346638386461
66646535386135303863343535623032323730396566306638356137396334646666626532633964
37613464383139333239313863343435313234333332326661663133356665353764636632366531
34633763353536353836336632373836383439616135376666313866343838633938313739636262
37313039653536623563343234303234383238326430356165373131303564343537363634333263
62303831353137643965363737316266303938623663326534376462386332383237383733313435
38326562666339376635386335653136636438653733353837636430623732356164386364623432
66613934363335663563326361643666356433613063303166613732346163656630366134633235
64663131363238393330333233633466393361306233376637386264333235363339623638633562
64666530386133316264613162363866633564373765333030643262313437653738613564323665
63653762323233323531333965663463643336303930363233376338633837383836396638383736
61653665316339396361656365396235626566613361666531653964376337356461646365356135
61633363393234313862643634336564326236393536306530393563356638396432323930383936
62373937663163373863623466363138383463343361613431326438393261383862353361346436
62386337346632643135313266303562306136643738303662366335393565353038633035633430
61316164336138306230313131313463323435343562366136386431316136393466306331313932
37653839316231396434366263363436653738636639306464656437363431346239386261663265
64383336393736663131356137653963343132643263646564646364306265613931666332646536
35633730343661663036663937363833393266623365393262636238323639316162313066303632
66623437376136343538376164303064636631336533343633353039653162353466656565386637
30346438336561616461316136396466363333396434383533333734343636396434623934353737
31646234363463376532396638656461366639636338656539396338326331633464613733653464
36373832626465613633653433326634326362663735326264616464303434343233633234643932
63633938373964636162393862343864636366333862313432383766613361396364653731636638
36613864623032343461393232616131373837653230373337616361353233323133373365396164
65663463613539393663613561376631393765383731326231346632346261653161636134623737
62316233633631303530623263633263613663656234303637326261343833333664313834336533
34363063363866666466346562636431323466623333626163363164323063336132356162653235
30656662353162663432373837613065313664313539353065396439396463346131393637353831
36346230383739323733623565646366363339623762636438636263383831653338323235396230
63303531633833613832326239646661666131353031626533656239316631326432366138636233
37353839623338356261623732646338356539383465316665393931626465306536663738306531
39623561303163643233616237323266396563383465396535626630623262646334333339366232
30633562636239366631643932393762363039643261386461643262396637626637326331376135
34636132313634666434386237663633393363643536356664333762623861336631396664303037
64306266333333336332376164613736386532616565623638343832353431323534303239636566
64663834333238663962346430626539363566613234383139386130356435393464353164353435
39393732613862623935343562636538613437646663626632633138636138376631303265313134
64656262343035303361356332333637363166386536336433306539383731663036393762303733
62363336653036363364373133346166363334316566613066326537333466633163313136323839
35303165393235316362333363326132633539353930656130316665313635373537383339323364
34383238663662393565383765643161646266336636336135636530653237663731663338313732
35393366363438313738366366663632646536613534356565313033306434643466313434613763
62626361633836323632333532306464626330336435353738323366613936616637316530633933
36653138396134626138633634626432383062626166383639313735316335613138376138326439
61663835646433613863656561346266316439336462386466326139633937636638393630643531
66393235316266376562623234393435623333336638336463303836623839333066346334613165
33646535643939633337653561646634633962656135653563663861316333343839386564616337
63393837653233643038366530356236343839356666326466643032383934333264636232356236
62623638666431313332343036396664646666366232623537633762623933666164373366306335
35663630613235363332633839646432633462653331656463383639383732386561636235626461
31636133313530633263343264313865646339663365613066393333346336336166626233333837
30303835666135376366316666393765333237323865396230303534346433323333656435656231
34653635663630643237336231613131353732393137363537373930353333636338313261343834
33373961343132393435626635323736303036313065346162613435396266363862633235646531
35396661393231393237316436633061663231343839623933636230376564393635323035313533
31623331366338393236346538623766366165666436373835373333323438636539383933303039
38646138343631643939393335613834306132613966613465383537333136666664313035633535
64666265383833396531366638653132353738383334333266666162313166313264386539343538
37326436376137626231383462633962303637373831306262393964636562346335383836613831
65613539373033363962303433383038313639386137643033646163653437323938303237303465
30333033653135366661636234623735303966623839363532373964363139383434346237346636
39626537333037313234386331383461613566336535363862386333343264663564636330366435
65386465396233343332323735353438306336666165373162316563323130373339653163656331
66653132656532303664616339383132386366623935653662396235663032353534343937343162
64353332383563646261633836383135393837346534633135643837623265633064393665353662
39396436616633313037663136626631383263386235646165316333366434653963326262363534
37373935333531643262633032373234313936346232393662326264346331626466323961333334
34373465393634653362316264316366383466646265316333613263656665363735663863393535
30656334636139613966353364653462333661623464353261343231333235663732333630333064
61346232316166343438653932316233373636643537393930306461663637353564353430396638
65646237396333623261373436636439363836656364663438393831383337366266336465383638
31643062633237353065323231383964316336353136336632623961303838636139613861643430
62383433323033353561343932376435396437333736343261666366643331366665383061376437
32303339616232343231613464306336663738363961313431363537666266353236636663376139
63343130363132343764363933656532393263613265616131616265613031333361373131643665
62373836383866326436343838353531653962633034613062333233663834653037356532353030
35373666336262383964663462613139623432386262343736366138326461653164663135313563
30376166633764346231333539346366653834373537663935303164316263303835643165386538
37646264376335626462643236323963303930326238643963646636326261313833633035343334
64306333636535643531303438383063633961303761623436646362363461623733306432663530
33326339613636353636383533613232636237343632663365393633326139333634333434333632
33323564393734353163393065643764313166393361306261323631323735393833383061336530
63303962646563363363306638353262363730383364316533636137623734376634656336616232
34633933613932623161656431323264303433623264346466313733386136613436303130353265
33313132373061646236386464313232643661373138323364356236623933313563396562613062
31363663356365393532383038636630613336326661343530353562633835346162306465373630
65636636396635663932316233396666356438343437653563613137646431393763333462303866
31353465663830613033316365636132376633343031313537323265376261346131653666306562
62636361663937653265633732653438393961656132663738383739386535613466636163653131
36656165306439666632636432313835313434346162363033366333616236393433333234316236
32363731313137656334653539336631383662373863636432313830633138353863393265316136
62643163386133633632316234386332373066343232646366653565373730346662363362343762
38336563636134316162623966316534626435616633343761303963663735623163396533643639
61656137343738393832663861336431313561653466383863366235313763363463636665383138
32633364663263303861383935646432346438616230616135356138613135353030346264363364
65346262333234366362333133316465333164386365343334633666316336323639376431663563
66346365653564393762623034363434373037303130356163656338326430373533616665393461
63333336613232336263343766643230653665656231613965356162656362363961353961376166
61393166313138353164303536373364356438613133356563316437616432633435623931656235
61346661323461323563663739623165663033353731613561663239326465613239336537613935
39313162643563623638633233326664663861363964356331356561353034663463633262393665
62393836613037653430376565393932353162313030393937333335363264623061376431383434
33343739383066323831343435633866373331343339306135313237343062336334366436303865
62356335663066653964343936363137616466336139376539363935363464343330653237613164
36396132396332616532333734656230626531613832336539643634353038343966643737313531
31396632663862623962656335303733373566623163643161393435316232353763616236323464
62633466663966386339346135666266626566323937623661623931653232646231343238346562
35623737333965313936366132616638313136303834373231343338393036393539646261643430
38623134626331353834613262373765373936646664393864653562393731623561663937663433
63613239306666636230373032393963393237646630663037396637363438616439613833356338
34316231393237323436333536633463653134353536363766653361373837343936336436656438
35396361316465346462373330373165336266323165633735323337303466383132363636353363
39653762336134633562363638646233386265643063346338396430316338623436353630643835
37396134346432316266376138323139366236666135346337623539353432376536643565623930
34333361386162333564323665393766623034306630346533386430313463356135633235313465
62323665383335353965343936636539353534633638663532643931613833656435613961303534
30366639653733356630663738663765663364663037313135643761373335303836303630303131
63636537353166343663626331366335636632643463383636356364303833666430613734623230
36623161666338623866363566633733653137313838336639643637353961343961393634366562
34393137396530333664666437386638383739653762333839623932313035613630616237313132
66613436633930663531613163373362366562343836363963363261373932353138383838346432
38646230356338323963366231643535336434386564333265393230643962386461623466303234
33623038323239353263663637313330353037376438613034643935643538613432643335393139
62333666653338613461303533663766616264333536373766316332333933623037333537373062
66333533303431326165366131303530373563346130353139376437623335326165353236306230
65666162383737356563633566623932353136303162376161666635363032353763316165393865
65393633313364663666393837333161646636363631636130373465643435653737373964343136
33363838316138663834366537376663383632326234353330396336366330313031393762333433
63646530663433633162353338363231393031363938393530663836663564653635626462356237
66636363386634393837353231666238346463353865633134636164316361663266653666643031
32653138646336306633613366303061646564333037323662366435313434356566396330623935
38616237383765396464346534613866656130353164343934373036663061643633393438656665
62616430373535396236353536373833376464623961363761656636373566633363366161646266
35663335393939313430383539336564356161373862313137343537326434643034623762636338
36383738616332643935613437366532623039613164663864383934356461636561393164353063
66303737383464356136333263656638386562343132316130373737626234303937356133656636
38326163313036666161386533646134386632623339353563363633373735653936356563616462
65383262383531336665333338643763323338326339633639306534626636323438616164623032
35383764636234346634376263653563383438383763353466393437636464376262356365663164
65306561343132396539353263383866303464336133653661633134663732343064303464373430
64613030646563613662353664643431613836366265653735663034663239633434306634616466
36306265373139303435393130306332386265666363323064346164353463643261326634323464
62656431373732326165393434396337383134393462623134666330383266396362353932373531
37303631336335373664303666363165333530363561373232373632636137383134623333343761
64386562333734643735383339613866326135353566323532353262353563313633346564663666
66646636366666336435333163343561366237366162343235326531303335356566396361313239
61323138653165303234616436393937656437353231376637343062373436663233396235313538
32396338316434383830636631386339633832353439643236613761643730646564353766396432
66626632656562656563666130336630393938356337396431353631343731383166623166373633
33303833613862373763343134623962623535373938336239386266326232303431353238353135
38626264383164643764376639663163613564313466666138653434356264613433326531633135
61336639343661333136626433363337366365373832376461346265343436393231333932306235
38303830623430623064333736663062303163343531313738316164383431366561646161663834
32613464393363326166313935373764623032376139303265353239663466353766653361393765
38633534396565616231326235316662346331323161613934323333613631373061653632336433
39643164333863653564313463316265613838633638626432396539663731663066633533313163
61336432393164616539646138313761663161323734633037633731346135336333623630376439
66626564653633653031313433323564303335323932376233303162333166663631356161326161
65326130303334356563633533393563346166663032363865656466333464326664656439656435
66393836653861636234663131346464386130656366623765633033663162613862646262343137
35653961616364646431346332623731363763333038666165356363363466323561313164373838
66646266353439396638636234303538393664383236376334303336646539356233343835373434
64333865316666393066373464343539326232653631353834323533383563336661336338306264
63623130393834376264613932666531623166656231656630376431326535633934383133663036
38643261333532333063636230393336653563636365383661643763393331303735333162313036
34303064613433656666323262646664366633633737626235336663386636623938396532393234
35323331333761353035333562313031313763386266393439383838346263386234326561653366
32313963653630356531623932616131353439333731663765663166323834616434613530323061
32313036656466616435333335613738333735623961646263633234363037353063376164653135
33376165386232623438633333373265343337323339383538316431376361363662633862623338
39653935313130363438353663653431393434346231336232663366383132323539373430356332
63663836323363383638356631366535316334393765623135383436363363353235636464346237
65383335383661643533386261393635343133663535306338393663316639303165316331353931
38323730303662376632383863656135396638333532316165633961636361626332313439306165
36393666633961306133633630326539366533376236613065373161376463346538616539343536
66353864353064633961643963383939306335393531363134613635643037386134643864336464
37343536623765623730336633343932323737623735366432653263643461663263616361373762
62346566643764656230303362373065616633623461653164323038326563366230333032663361
35616138306264633161633762383639336362623134353331376532373236383063333932346464
36393936636666663765373639626339326531363235623466353263613139623065616538316366
38323339313834623336303861316634633861393533346338376136393331643565646338363131
63626531616632366239303035363838396632383134393762393466666630666664353631313136
65346463313165323636643435346462333730356164333361653735613539393538353763303565
62393364356163636332613464626638306130356631323163623334306238333137363839633061
62333634663435613438306430343066356238616364633635626362366665306237663230343933
63376365613636613138396236656237316137376365313639316466643431393030336366393438
65356665386263366561373263316134346235643665663865333361393639333135613835653237
65386562333261353636646438626466356366333461653364303930346565376237356431336365
33313965356535613235633864613931613339323366653939366466383739666563343731636435
66383066396533613566373637333136363061333130616333346334663263386630646264633762
31353133323938303036373765373565303434333335646563663136386435653530323539316334
61653762323465333266303739646435336530623335323236353466303433366133663936326331
37343361663638336133653531626565316164613535633834653734633963613538333231653161
64363334643837313764633161343566626336323161313034613033316338316666343562313836
36336532633838653432356562643436323337656363366130656137393032316461386339643266
63613563313763613431373065373036646666653634313762346663353436363130646463393431
36656433366161653865353938623665313034336462396364343438643138386266303866653464
63653662623537666337383130616531306234646135383233303736313731313235333364393064
38306538396438323065623063626538323830663830646537313465313262353330643937353138
34386133303862346339323236383734376531396430643537313834363463613832313565333436
65316137353838663163333832353335343666393330623831633330323832366464303530316533
66313765623833363332653662613131363661626630353330363031323531303665316636623330
62316433623630383231646165623930326139636437313835303861663065393162616133363138
64386638373266656530636333346436623562633561303130373466356432343933353134323535
30396564613163333238663963646462666264313935636435346533396336366136303662306130
64383832373061333432643837626662373038323863393563356165386130653031656531323138
36343239366462316361323330663637383132663435333230353231366163656536373062346364
66613035643134626436343462376464363531333065366234383432373737366334353365653731
32373539383663633561303764323939373931366637636535646132653834393134646333623163
30356233336131343364306463393638313266613862636131363939636137643965656534316232
61323464316238336666663062363035333135656632383964306263373566643362306137656438
31366631373766613438616633363232656162643037306230343238653765303265396265613065
37653039373532373139616166326636313363636561653136656566623064383162393931336336
62636632653736623530363431626232346139663037353834353637363961313036633566353966
39343638393836633135333634636135653030353561313937386133313536663339376536353037
65303265613635376564326639663436666233343563646664306135383863333336616631343430
66343565316338313432646131646233303630666539626662653031656461363165373437613662
65613335333236636364616535313465386162346436316566323335643666666164363265396537
31343735306561393663636563393565643064313666393336376230616237386236396137643166
37656337633838636166343138616435376338343530333561633066326432306665343231653965
38366531656239656135363638363334383963653232316331613132653763633564653932336462
66663863303564393064666232383366393536313462323236323536326664623266646665383063
35623063373735386638313837633764646634376135393231633164656663643265316465393063
61633832313532666264343762393835616236306663376637363036666231636435393933626133
37316463313031306231643034343438336338363739303935393138666666373438396461666365
30653237623631303164313038633962643966323666633361653538633437316334373739343464
35633233356461653438313237616137363333636131306238326364386136393162323533653163
38626566323533646230376565363961393436343561383866626133303333653232396361346666
65613338356236613762336435383739323464333437663961343265323434386366316365333266
64326239343465313535646133353962363165336232326361376337376636613034353638666465
30623837643939613566663765623830643131633732363235353739333934653730666361393338
61356166386663333163616335663732323963306135336331653036303065333566616539326262
61643964366533623830626231316265366266663064313330373532656661373736353463363035
61353135636234613738386234313531393636633330653932343762343566646537383231313338
65643361366339656635383663623534353434396631373233653735643832313034303635326134
39643733373637643639383730633737313931643433383761313536343761313333663238356332
38336466316463646633666264366630326536363366353262656530386161303661316262656632
34616334306362343636333133636162386261313266333961313362316232343562316166643033
39336131383865636262626234626435316165313762653633666333396636363738643532623936
39363136323530623235386666336262346136646633663263383761623139353636303439633161
66616262316132633436333432393739386539633065626566346332646661386331343336323664
34613865653464633961346235393432373236346135643463306233316131616638316439366164
37383836623063373538303130336263663961663932633562396338346638363762343632346435
37373538386436663038373334306461633965646532316162353730643031353839623339346432
34366665343538643562336337353763633439356361653634366664636430616633383366323732
37663531653231646465643334623234626562356263613937636636663666326139376632363566
35653062303838643735383639343566313363616232303634373533623763336661656533326464
32356530373237656236303434326632333261653465303266386663646233613631336238626630
31383938386335613561616633646663343365323931343737313566646531306435653736393638
62306132346364386434343764313164636632376333653430663438396664353166353161633631
38386138306164363931363331343763386130373664333638343463653638613164643961306461
38633938313637633434363039646334643166323263343661633465303762376332303462303234
38353332306366666336633037623932313064333664633365396132386136333131326336633737
64633261643762613362396434396563306465343236316666366665613566356365633064386434
39363533393961653762633863613832636434373731646165646132306334663037333065396134
61346366353665373566306238366466366439663063383733323836636132366338336631336466
35626337313638383734353430383566616161393665373834656135336234306639383833656639
31396465326137333461323233663635333761663466373161336331393266633634393335373966
32383931303862303461393063656336326139306333643566333533333063303635346663303264
63656133376534366133626235613132303134356139393061396337386630306564623837373662
32656361383061393533343861666131336662366639623761376633643966666565616265653066
66663162623331303161623433303566346462353863626362353336373135613235356364306665
33313431613839346166316639373836636465346330343862386232386231643863333930313466
35336138383837333261646133663961663833386262353562633438363131393035313334346264
66646431386631323931393338353231303861386238383832626335303865613262306234626631
33656461663466636632316662653431353266666235616139396230626431326436646264623034
32363335313438303865383033336534386361373539663537633131303165393238626362623364
32623264376137376138636566303561343434323031666364633861313966333762356464653832
30636335396639623436616366366466353064666461353761626331383466383239643466393837
35343462366661336261656531333539333162306135623930653233663566326538353066373735
62363739613839373138323938313437303438336433396432663265393163666630626538363966
35356636656264316566313063646233613934636230383139323661376331653065326664373136
30363962326666396364306563346635623264626562633364373463366635356662663336646362
36643761313630653232306132353863636634323333316665393562613863366239346438373063
33393130363732653963396366366136653134653730656136376535656263356132396433346638
64386262303466623237313438376136666333623462313261633331653437656334636530656534
63333534386164393139343864313737663165356533356437353537623435313338616462323230
30613333646538373635373230333636656638353139303765646163313534336634346163316237
62653062343639393838363365393462623939396235653835656361633433333961616433656564
31393662303039376561376661346432396136396661616561653964396465383266643939333836
37383665303335373864393831656435373735306136636632373661646131643363323235303233
62363736623534663234313231363863666236316664396536346666376365656666623731356364
32626338656662306165373135643835613038626161636134343131343561316239393831353235
34303366666636326461343033396539303830373765656266356266643166386163396336353333
66303337616332663733643966383765373065343939333362373436316564373638376338373665
65323639306435343061376636393831333539383331323536626434626132316364616235653939
61393463336132353431376565313730393735303130666662346361616466383938383233353637
32386230313138383238613135383337613636386330346333396530343233333130623062376464
39323138333461366631613835373261633466346133326531633131373664313137623132636162
32613565323231343436313934346235333961373262306263653531386564646263656261323363
39653539336665343037633062623137303565383934653363646663363032383737633634666362
64633930383266336637393338396432363464346166396665326663643235613066313161383665
38393732663863373766386664336336383363383837323266373338353438333937303434313561
32323061666636306233616363303862326434323363386362623066303537616331316165333966
35323835353634326665313532666362663663656431323337653536616639333438666464363463
31636661386461373561326237643930313232386464383638303637633137366639326133303364
33343431363639623766306134343462353962663266356564313237326338653831653034633534
62666132666630303735633266623933383133623465363466336139333363306330373838363065
30633338376131353262393136613064323464303634306332636632646339393865393138333139
62316337353261613438656664623232333564656139666538323661633533353665303036636134
32356438663537323338356139363530383737396662326532323238613537346337336261393430
65633432343630393030393439323632303338656163303065666435336438333531366662353831
64666433353638313936656533333338393632656136376536653431363062373363646434373762
37613830643862383737346463633839653463613562643166346335653034643565363065363037
63303366633561316533303738633336633235613334376263313263303832356238623561613039
36386665376233343532613234353233373436616664313463313635336533666663316366356138
61613033313961313062653535383937623730646262336166313064383438396461363866636337
31376430383937323534663639326563653433326533343237343662323462643930363131383263
66316231613564316162393239353035643935656437383331633366303937383463356333633464
65376430386332623132346631633832363061333261396235393735666534623233656134353436
38653431626136353436313236356231386563376238326563663066336135396563353734626331
63306262363638636436393239666133336236306538316462616130663635363861343466663639
66333462623438623662633938633036323665613166613136393565363966343833353465666665
61643663303935613935376562626337636432353663336136306138356566363139656138373562
36376534373332336237383135346264666434636339616264636330626130376437376135316333
32613837626537353535356462303561653265333562623737366266396532623463376539353039
64323938353837633764383461306536663762616535313631386433333038363365353162383263
35396263346265653935346437316330326262313137353236643566376137336335326136656261
64636338616232383533643238616563316662666238376537373938643861326133363962646634
30616436373339333333363530333539363762376363643865383537386335656261626561623461
61333835663735313337363939376161373535316430323464616562313161366439306535363236
30613933643962636636303534653865626230663637393431633737323630333266373464313361
65643030346238636364623739633266613830383635643065326361353466326238343065393862
63666533363562323366356334386231373836386539393635643465613034633437656663343830
32343733646164333865386138343863313666633263663933383961356264623037376437303534
63393334656134643632376338633431653463616539333838623634633937383864643763376564
36326633366665616338623130393663306261653432343736623238366166646638636432613532
66353063346134626330663935363636636365653131323161383137643535643834313236633831
36376564633966363862323938633965393665333462326639363537643139326532383631653631
35376630623234353235306664333035356465313639613539623734396232316566326237383530
36616534666463643962333738333738373965326433663736663032633961393637623931346534
63313935323537373762646234363066396661393635366632306431663133346162386532623535
61643135616539303937326435336435613135653933373433343564366136376136366530623665
30636236336466633734336136376630313266313465613730336636633464346236366533616238
33333437373737646333633532313366356133636238636436363463653763633063646233663139
61353231366262623938646438346161623830323363323139623061373962353463306430376535
36613066336531623766316338643762646634613636343939393766626561333965346533616633
64613439663539613937373832313332353662633938393461353666626431363539353437633638
31343961626430373939393331303730313765646530636239343164643034386331613666326361
38316233313263643162396536323330653333393230336333323463383438663337323831636133
65383265323039383065333332653366363639383866663163333431356232623131346338313535
37656238343461623663633934343839623733333238663966346238363231343865633832303562
63666562666337613736353365343932306633643037616166666562356364343537663162303436
62613265316565393434363531326633383966343734613431393539356236373865356164303230
32663963366239373931663435626631356631626563636266653764616335383737323939666631
66663861333561343739396232383639393663613937383737363664363064323632333731353766
32663666656237306334393433363035383262303662373764313537616662323766356465616266
63386235363030626533613265623439636539313139653334353331316331646663336631613530
36386636646564663561376637646537323839316531353635376262323961623830336365663364
63393438653365373563623161303463633166333536623930366663646264626438373634303038
37353965663737333839363136353439633332646332353739346462393138333535363633376638
39333961333533343935313863373835303136666238343564663530313232373231333462656339
35366336353038336165333534623536363136346562303263393533636336613664373830613764
61663462336132306363366261396236343336633364313735656361646564626634366636366237
30376432356232653861333535396234643564363564323539306132653337376364613365323236
33346537303239636662353165316665623464316562656431333930656361383634303566653466
64613035633665383862313564646332623266653535333439376366393636313831373635666539
32623232393461663938646232393737323263376337373736303235666263303934323562353831
65326465326538613334626534313363316361313061313266333135356234383563343562656135
61373235353435656132326631323534333838633637323939633166663033663331623861346234
37323632303435383263613362326338336335336435313233356365393962373332383832623930
35316538643966653935666336316263303633306635303465313866656366626462633236383065
66626136353536663466646266663939303731646664336536393966343239663833373665633436
38303739343831383631383365333034646334363433323434386431653565373137663365353435
30653230623961646333656265633736306466326239643636353934666432326130616364613162
36346162373462666637343965323137666333633139366237383461623933643139306234646235
64386532343937373361663132386564343438333665663935346131316162653661313638633662
37623062316430306464363730333639313032313035626665306131336534366130633332646639
33626637633963353161613530323961376534633638623837343734343034356136326666376366
37653039373933326261346365353833303365303230343532663061643161653063666434343434
63383432376431323230326333643363376532663935626631353537313033383363336332303139
63326265316461326262343730636236396262613831623139373036386665333466363134333234
35653938383830313334316661646239343736323064343836626335316332383131303735393463
32323466356561653836663238316366643237653864656336343866656264316330656462313430
33623937623433356266393131306361323965396664326634343736326665336266343861356235
62353633666263333032656563333161333662326262663563376537383730636539353335303561
63343364346362356563363864383731393432623036663335636264356566383136303836643333
32653632303930373436313061366566376161313666336161346233303635396637636634613465
33386565626632303664633030616438306364383437656665323665303465653434666339373662
62633263663133393135363538646161396162363030383265363630343632633066353833383430
32356466313231376339303265336465336535383830306132626234363766333938663532623334
61613031306466626462653664326532326538633438346232366430626437393737326139326531
38333731393231353834366461653234316637353466353730303361323533356130633162663363
32386438313663653536623533306232373463326365613765613564313436366638663563346461
35323934313163616139643932663563323639333438616536326530386530326634343835373536
63363433613335346436353136653364663165633065346566626537353461653139356534343237
31646564393238343363353433366266643164623065643064313265623737353464663037663838
33323463346238333439323465333235386231633364313430316237316664616435613137646635
37383133653038333963336638656264326436613331303139646337633830316663356331383534
39666432323364646439353066303061636230383462303638383137626536643937363566303666
64306262653063333035393135323431613033383266366239633964306665626232636139386464
36613539363862303965356261383738613936643237633134656265646137383434636438353436
34373139633534663834343436356530353261636362653631373335613730643936376434323866
61633032613738656233633339346366303262376334626135383463336161636237666664626464
33633964373632653837356465653835646366343934386438386463306437623230643861326535
31613835383531636432613730313132353539636439633732633336623363613537633962363235
36396364626438353539653838636231666165643636393166626131313735353132623239363837
63316631613737386366393165346166626262346433393566616562313166383263353238666535
35633833323938363836633933393937363337336565313333366134626431646134396334323338
30663333356231646336636337623338366466303963356438646632363639633338326630366664
64386432323035363332663333623737626633303962343233316662366136623634333963646331
66633938353863373335396664313961363137646130636336643730623835643339366535396635
38346233663934356435633036313232656332346263306163656235376234333466663538393563
62303736663064323062383162323330323138353433363530613461636662633764633638663939
64656435396264336333653736646534656533643865633533376233366365386333376464306530
34666630643466313466633835323236326165326336666332646331663666366332663465313562
34646237623037323965666563343432646462353663626230613236366133333336336237616331
65303135373332356232366264646564643137613261343239393333653637326532666165306530
63356565396435306136646466376366373564663639636262666531383732396131383034393137
37613665316365666332663239373461323264303339343137396461363237633964383934616331
36663038306537356238636233613339336531656365313731363139336635373566333233333662
37336538653362353233393139643661626133663233373662323930623634323733373135343533
39393863343639623735383432373136623263613431653663346339613737383133633062653930
34306137616366636262303334333832393866386434653666313130656437396264646236653561
65356438626632646263316332356438326430393033333734666532323331373031643131326432
66663037616134363236656265363730313964373139666334393465393364393938653430646634
65393835343434333434343936363937616635326336346162323866663161613766663233663763
39343733333430393266373733313362636435336632666337663364336133386533383864666239
32613032373231346333636230396262323537326262626662616163633664356331383632353761
65306539393134633336356161663633313436653763626165383832353866623735336137386336
66663265613132626364646235343430353333663365656434653663663535326137343966303862
37316538333836336335653333636462303434323965663237396162643133663565336438666438
39333834373065306432383638376332333864616438616536336138396633353731333866366339
35313738646363373664623830653964323637323637356432323732326364646231396637396635
33653262313335643237393031376531356137663332643365393735313833666663643064353030
62666332303832383365613038653232323265646437373235373436343438633963636264356430
65616665323035393264303764386465343230376461326635643633383835306136643535333037
66616364313838363232323266643934333862333935633431663666306265636662653038633665
36613163346164646631343865343235643764663235613461326665376566326630303264313936
31376164653432393433623133646139663237383231383135633233343139633030663161386664
38303530623035626163663036636335323536366535323466393437666230363836663936653732
32626364636162336332383538343437376530646362333466363033663165393330366564376136
32613066643339333263613030336536633766616265356263363634663637613334393038313465
62353835323636656366396633373237326138623263343865663263656438326335353464613463
66653738623333346530666233636336656439653532326665303264313636333231633832343030
37623436373735616433643766306266626561306632303433636134343131383235353636666236
63343365616238386434316238336464663238623063356333316365383965383963373766633135
65333139303039316530616361336365313335333164356137396465663764383131333561326337
39356534363165356465326164323231643030663633333664346139616265363165326636326366
32663434346539313630643934373466323461366266626134646334613038376130663563633863
38366435313032623166386331316236373962323438346563633365376364366436366362616165
32346530313166396365653535303237613938646662353138323936353533366439636237663164
62613764626564393264343034663630653964653135636432376464333139383536353261393836
37626530656261646639653630343461613633656330323035373262303961316432346130633236
35636164306262396636356235373163326338613761626563353461626164613530323332383530
34326236303538623937336437616437313061393733646136656664616633353865663434383762
65323431303837306365326338313333356630303731626337396334353335393135653435306239
35633364373936643761336234386532326361333331326165303939333936643034663537623339
62613262383734383435386266323665353232626539633831396631663334316431323036643036
62343032326237376639663333326139343733306565326336653230633461373838353736323438
63623930623135636463616466636136626364613763313566393461323137353236306532336661
36313164303263346466663762343139656131306364313534366338633030383464663661633731
38653438653436373136336632656564633963653037653733363062326561366132373064653764
37323230366464636239633761356562373832643063323739643137633933333237376666643438
64656564623861353331323735346636613734363834646631356633363732666162633433636565
66326135303132346632343331633736376630666532346434646338373536306530663762636539
30396234333436636165336432633466666564386132663836303236323837366139313165633336
63356465336336313765646337666363303231393861663561393961656662373834653661383763
65363034323263393564616135313238336237656639326166623036663230613163363265653436
64623763336432313531326639633063326230313938356536643937393631333266343261373866
34366238396338303136356566326563616434653765613061393539626161333438336538383836
31383761393638363766633063633063303362333636633962626536333237373065646465336264
64346665663131336661626630613237613134616234376166376131353730656635383864633433
64306132346433653734326461376639356331326264646664383630633739343364393231663732
30346336346164313938613165303635303064323434326365393638323035326161626433313431
35343137336633633236663933633661383334623861393035396363323035303664393534613239
65383065366362383164303061333435343566356461376635636533373539363563373231323161
30613833383538323333653865333966303963356461386535323561323933666437663031343536
30303866316633336663316361613837616239393039653033653234333531323535303533303361
32316635663035363130663938353263353262653965336365616139393233643236363832633236
66653434383738373834633434333264613430343333613362616436653434343061353430613063
65393631346561323463646462366166393132626262633933643236613562663032303766313966
38363366313063633662656137343430333937353136366634633737373632643131373466343038
61376266613763656262663739373332316437633865653333383839663936646366623830666530
64636530666163326130303738326464346336306535653361636264306566333235326431616236
34363337663661346562303464353335646532343432623332346661303166326461313063653665
63353939363565313838373664623631356564373134303966366262383439643465366234646439
66383839323232383232383435623839633935323035346165333131373263646435623762653434
64313438353735646230373463306638383330613035663165373233623661333062643934633564
37646361306231363466323664616131313830623133666131613164356161346237666665386630
34366237626235306166636637316266313865303466356162653262613366353936353839333839
38653264663731613965376632336538666365363036393164633835623131386538316136373236
33306562306161386534373138653862336565663931343239396663323535346361303866373662
30353332356137306638636162646363333161343138346465316462643632633362643865393036
36373535613163663030623633323532303864393664653163356264383539313665376464633732
30306461333362346463336362346462303464633736646264363836353338376637613866653133
64353339313662373636313566366562633635663664623630643230636364643039393539333461
38376661646663653336626637346662643363626261613263643662666566313765316163393531
66636638383261353031663539626362626130303939313664373936336432373439313037356635
33356239656661666563653138613434653861626632616462663438303733633436663866343037
31616139616663333362356662326661643135353835326630656466373763316662643462356330
66393637386337663938313435356636666633636666346436313533626134636264376364386537
39616133323361666466306635336164616534316331376637323637626338653736653931616165
65383265393161316430373963613865383736393530643537646138653239653037623134663866
64626233643932383836666636643932353831376665313962333066313332396164303533303435
64666166616631626130323230373633663561646639373463363063316262353663353664663530
66346332366134623932346536343930363465373632363731646637663063323564306235636230
32346138316362313834323432333366653832613435653163343530656361376565616633376466
65376130623030663631663633356234656364643165386138303765343336663937656463663833
61326330303336383262666136666132386664366361306539356561643538666439633661653936
32396562376636636532646230636664616662623565613631343433383932396563623734373131
66353735653432396463343532643664633364373261393138386662383833383765343266643362
32366638653637383734343337323933623931653732326131396462306666613635623531303561
65363236623664356232353034663339656563363165356565373665323932653838663933343030
64373433646466303366363464653762646232646632626563333532613535393435393338383264
39313838326664336161663139393864383366316563333138336230393339613966356461393436
33336661396166633662303533323837323432313432386638306661333030303663386533613538
63626639623763613865653264376333346561623963613836346234653135323939306430363866
31393238366432386364656362613236623539663463633866376664313335316235353035326138
32643665616336383166306536653565623564346635346161326639396535383339666231343365
64316431393764323435363330383764663536346562613566656437323431643038363136653063
65343762306231316636393637336432343535353761313232393531393363623834363434666132
34363431323863613163613732343134396637663230306532306464613737653734646132323234
31623135656265636132323861383665346339396133366437313839643765616537333436323134
34383963396361346236336634346434653738623637386230366365326264653532396636303431
65393332646265393763616138633466383636653263386435633131353937323831623030303833
66316131303762373461653764383162346361366134666237366131646164396262313131653836
31653535333733356662376636643963633264366237626234306333333361383465323265343563
33343332373434616439303335633838316332666662363464653365663439663436616635616438
37316636373034353736306262636533316139623933643962366366633337636630366266646665
65393765323131303232333336656233643832363631646335303039613831303361646636373436
31363463316231383930323662616564313661333931623064653037353438626139396432333434
37666564646630323835323631616635343562353164343832313065323335346235633165363439
33396264323561376663646137366136353662336535653237336131653135626566636138643531
34663433643936323161633232666237306135313338646231373766633361613335663636656565
37303761353363643735646535653563363130363535353431363032333436623164383031376233
66653834373764616663653963333064616134346437366137333437653736316533323039306433
66323334636666663631653663666430613466333565313563303134653666393236656136333330
34356135356534333466656366656431633432336437343361396636376566376233303636666132
34303238313066633465316665396634303065363965313939383965626364623634393939653434
61626564316633373664366335616337626139363734316634373464346161633534346263663738
38383465383638663365353862666639336661623035343461646464363332306639393061666261
65313334303233336230353466643732323664386639636431383462323566346234363130643662
37323963376330653130336464353630633936343964643539303031353531313333386336643735
66653164663061363132303633336661366331363932653764393933336664356361396365386332
31636237363166356230616563633538353063363463653036363766306635323035613232353238
39626261383962376634303066396134363839333036613564306532626131353035646235643932
31383030613236343262306631323665636632623336383435613966383564333235656562303264
65393066346633623831303435363332323931323263613435366531383632633836366464643239
37643263386266386438363136396537393964636634383733663438626562346332383066623830
33626164323564643339653039363936353830383063623631313130626539326131353866623638
33386430373934353835656432623331326561326131626339323536656337633032366663613761
30343338336332613230386338643038393639393838376234396636343035313364343533303835
33363339396530343632656665356364353138333064313334663666613562343332303230616562
65633934316338343732383631623333363163303662346131366630386139356438316334363131
31343764626136313133313964376439386162613465343138393263323735326637666661646439
38613566616339373063333735366631303633323033636265333238363464313837353865326165
33373232383930323839376633346536323734643933626534323231623236636161333936613038
30306234356137303631636235313936363332666232333864333332396462393335623363383335
38653534646633626636343035363836643132303039383164616266323837313233613530333836
38353062373033343335383661306461663432366237363139303639613638363032616335393332
30393735636530373761643065363333646330356636303562626438393739643230303630323463
62363837623666366534393333666434623563646131343036313364663662663635316262663735
37343034316535623034643065666434383537613061393731366339393363323664343661313639
39313062383639373162313261623730366566613263643865396566376236636361643037396535
32396337616133623965373130326238386665643733346135623165366336613662383231373231
34393935316634363266633935336438626462633235323430373134313133646233623066383963
39303638323833653030363936326364353661316333373434653361326432393563363032306638
39626334616637613766343462643539626264343936323365363734326532633065643734656239
37353165646261393662373833383962343630333564363737613962366365333833363231366161
62656430383765326530363931356261643433623134343830313564353031346138346261383831
39343665613438353961613164663333353538376634316265333563653464363439383861303762
62303239653963616534613638666462366364323461393633363666646564663533326132363538
35656566323561633733633535306337303731646162333564336533313635373263336665353631
31346135323135666464383035376334333837666533363537386463356133376337356536303630
39393338383266383732646433326165316435326465336337383861373234653065646361346231
36343866623263643033326230303133383563383261383738353065373238633039366432633537
33326130653833613839646265386361396166356233643935646631323364323237303632623335
37306561376135663263373465383961316463353962356566643663303436313236663831663135
37316233313263343762323838376637373138363331363535393464316661613636316136336134
33663465343332336235663532623866393862613432356133663435366665353230646531663138
38393635613137663039316134326161353161353064613932396363636639316430383730326336
32666639636135663339333364323263376262323462303662363463313032326231393166626165
62333266363236646635613532306565616634643236623161353462323539346539663731396436
37393235376230323662306463336433363333343663643365343863303964353864626163366230
38303330303263323639313566316565353461666434643064646230616434666365306339343165
66393261383131333733636561306138333238643133386561393739666661353033333234306331
63623363303034386264653132613366666333376266656661313463333765313065393261626235
64353265613331353934656664303538363762323732303432323637323239663265313936623037
30616664613562633732396666373334626135306238616438306136326130623439613632346562
35613362646235303763366565303261383639333131393965303037346566613064343962663665
66396234306433303366623464663430653530626432626330343239636631303465386232373232
34633762373736653337653764656636613666363663363839316331393564653863346536393634
31306232636462313661353965363366393666626535303537343565373939353264373364643239
38633033666563393938373563633762336562386537336239666462313435363934663034333162
39633332343062383537376263313466666335383139616431326437626637623539613465643638
35623732366162343537373333346264373836646265303365323431316436363034336363326138
61323565363037646465323435653838663963626436656130623831623030303332343536396363
64643032333263656566663264626234353838626435366538623265376266653835313834316562
34666130616565376562343135313366623333396133653462613364393066396666393765366566
63616163356538646264363637656338333835313432636436643433363665366666626238303233
31383964323236396232363333306330353839663831333666333939376238653435363135646332
34393033383239366636313839313166303430653265383361373037323232373836383033616539
30623864383831383333653135386539346537313465393531393566663033333632353434386233
62663165663239393435663132356461656432326138663562353430656361316639646638386431
65363164663361363834616533376430616565373431633831313265616439613961366533373337
30376662376161333462653836366631636463306335363634636361653035343661363461623438
61383034323438323731636465326138636161653265646364636632633735373737626264643538
31343965613639343039303536396130616665646633623132626162316337313439343638323139
30376265616337636464626139353537336130306332343934633734333731383666386131653665
61613762623835383534663335333638323566626333646131653232326165643133333131646334
63373436326262323638656439636635383866373039633962663432363461616165613534396262
33666332333737633266646232656430363336666435383764386461306666316434646264336434
31363233386135383962653435663032613432366233366238666139323032333261393864383937
64656362313431623533656164396466376131626164346162343537323438643032353039643531
33336434303766326233316435653863303462336334636465656362613833363934616631346339
31356130333935336637343036353665353236306637346364643863653662633562326330316561
66343634616231353761616332313138393530633638393435636232653438316165353063396438
37356137346239653333363863326664643637656439303465653036366335646330366236633133
33326431383262333433353634613866303830303136323130343964626135333132336537633039
32313562353963376165313765663462353164373638313562623561646532316131633337656362
31363366633435323737313236373461333361303834616137396134336665303662386434613265
66356263353962633538326335666231666238373861333561306561313338343832613336316637
35303037613266663161643035623065663031613163313731633466373132326666373638326337
31643165346237393761336565323166326365656461313132353338326361633462353664633239
37663561613033646531653639396234316637326435306530326237323130623031376163373863
38636238353439666136386639393065356264626465323636656136656366613032396538376539
32373436303831333637626636323966613930303537336130316236333366303364346635613430
38323034376139653663353037396165636165303938346133323330633861663363643865666365
35623436386666333331343665663437323639333434363164623166386561313833346538623163
34663732623661396563653038386139383565653930633033656433313237616564363730313835
65323632633433366234663133613438646461653663313466656165343562623833366639316331
64653137376265303238383231383765373866383363343431343239383362383161376666316239
39336534356235326431396239386533643431636461333333656461633762636566626665323135
38313461323331323831346533363736363236613636663632643732666337386163366135623639
33646634343766353434393538333164353430623765313065346665353466343838656131373464
62623338373737613330363636313336333665333030323332393162613964333832333365643433
64396439663337396538336530323836353461336431616435306465376464666339316631316461
65343235666366353538343033313261306562343431353138333063313535396639393962636136
62636264613938363936616130396434343661643365663962633966393561616461306339363763
63623537373461653662303438366263333663653339623637373835613831663437333932653863
63386338363436393337633435303331643765323934336536643531353336613738303031653835
36656164373366336439646163353131353435636263336334303364626366626437356164613766
32336433353336376362303061343230383361373666346364363235356262393937616534623861
37383032653136613234306339653330643662313938663465623334616435643934613731333839
66663139663664333861663234626439663132613533353431313166616135636563653365333664
35336138386636626663643339663062626634373336333231333938333234386236383930313235
31333966366662613062356265616538633533333765633666346466633934656434303633666435
31663762643136656436626535383431666638386361666237306561376437303634643034313733
66396165326466623366333666613038626464623863613338656537656338663466353964343437
32326230613038373966363937663639326631373438613939356138323963623931613036383533
36333330643037623531373934643466623561613633343961623265613138396364343532643064
33383830376661613063653966613735346664616339346566386561383562626363653938623765
30663363306239383662666339653435323361343730633332343434396663336633356536313733
38333436376637346137396163323839626630303233343138383865373863303432346238653130
35323833386137373663383033306562313234393132356336656464663761643963303564363238
38373732306466616563316334613061323236353430333639636438663130393962633330383139
36626536393233316464356539663035333030376561393132316534383031313763303363316237
36303336356562353532336264346338306265653531616666643531643430623465393531643935
35316533383361653235353161383533613730353436356631373733613063663938653932353833
30616461356263633534313231363563316261323831653938636436663238316539363730323765
64666665323763666131653233356539653339666264316232613864643833626535366163376536
38373938333065366235313232316664376139346466393539663936303566386631323134363266
61346636623533646639653065346562396232613735366263643639376334396239623132633738
30656138343039393432643037316630623736343136643663626234316165356433633861323963
36653836313566346139646139323961656137333930333435663339656162323962613034656564
36646662383334373036363633343336376332383661646130346234393831323166613330356336
64353734633231643064643461323233363338373530623564303032363361623635626134386338
63393064323463346465313339356162373038393135626162656566653664343535323363663536
65333835623030303436363039303963396565663330386536613465636262343936336130383537
31656535643135306539663963663562356633663939613738636136626566363766616166646465
62343464323837633130396139626264393361343438343164393266653736613065373762633435
38366465323435633338633936663736313834356137313862383166316538326635356466653237
38356465663064356632323230313030343533646234303935336435333336636666626232616436
65653835336136306132303132366330376338356663626163306133306432656233633035663766
35383566643035633664363264663431616464653166373862343065636565393939656630663564
61656564646536386339396632383134663663623434656563363666636436623136323237346234
32313535303761396330386663393162623766373231646430613236363763363162646130666531
65666564363836303062333731643965633862336534306336633764323435643639643465383034
61353530316238343831396136353731623234373461303232353736626232646564626332643466
36636561656165666266343932346161616164353038656135353531303932613132363963353635
65343464343036623961356237333737623265386365323361363131343035653739383439313133
38386535333039376266336535653237323132386437373165666433333538396364643362303662
64326431373031383836313039343538386638653366366232656564396162346662373132383266
36636665626566643236386134376236323435373663343434613463663364636331376466396431
62306432666231616630336430663636383266383136653237323561313637626130386338646335
31333033383131343630656666636366616536613337316430393730343463383239623266613538
62343161393530363365323537306534643636306563643264633332396263623364313135393936
62383866663165633730643631356234323238376665393131663331353439646231363965316430
38643839366162316566306465643330346632393464653264363031633830343237643637663064
39323438343166356131346236626133626233323136363136613562626264323230323165643236
32316565616135643937613537636162613139396662373530343432613466353731366565343030
31306538666464366136626532396232653235396437376533653061656237373962303363326431
30666434626634366434663530353330316136363931363364343439643638626462326539653039
38363764653536393037646661316538333264616237343937373638643137333636343336353435
37336532643839343361316462633639343064333864646337663234646665383830623266633863
38343733373561636537666263656236366265323233393832363066613961393738373233363362
32656639626631393564656534386437623561373665396464383863623765326165393032383963
36356564383365326466646565643539663062376164336333363763363266646362343434323734
31353733386133333136353964323234306437326561393366656239363236626665393761343830
36376338336263633862653336656231626331653538633532633062313239623364356435343436
35656635323465396530356236373937613263336236616234626232663137303664306230396333
30626231666662363533363939316639623262323634356162363836356437646239373063333730
31356663336333356263646636393962326164383132313566643262363762323232343965336530
32663263663732333031656632303161323266343661653161653466356363633332336561643032
61383037653536653537613539623538373139656634346331316263373332633832666365653531
38316230613532323965363631653233383763636465666639363535623837633462663635383538
31313735376633343438303033613339643563653836663861383831363666303364393563613366
38616637646539343237363236306466383062393966616162353438326331343038313535383834
31386165323833626537343631383536313638346435613766663032343230663637306466306565
63373930396462376164343261653831653930376338643166313739366464303565376463626430
38633536366339376532303938373437663364353437663634303436633037626635616631356430
32663036326335343138626566303933336339343538653832646137623266646138326162633134
63653966353063313661623261353035643833663738353636313339316435636230363239656366
37633033623734306662373937333561616465383634346635336664396332373238316437353965
62393832613834666538326236623165316264326431323065323765613130666262633264386462
63653438626237376635326463616130356464656565373138316439366666383334623032393833
39343539633261386535366437646666323561636631346539633338373465633931613866363837
31663565636536623636303934633432633231646434376562653034386662663064313638623930
65393963666636323063626564346539613732333131616366386261326161303037373139353037
65343038663666373631383035373063373730636336316466393333363266663636343334393064
33373766386438666232613561353462303665396565653264326362393134313530626161323061
35383662633263343731613661613961336266313539366634383036393234626536363935376164
32303338386361373961333561323333316162346530653764376462366163666366613032343333
35363236646136353463326235396435306133623037613638613234376337613437613061663366
62623030333364353132376332356138386234346561633631373161303665353034356564326237
35636434366632623465613436656335313465623839633536326432633562363538343233333039
38363763396166393035643834376136636266363432666163343939626631636533646163316635
30396537343566303830333438613665303739633566303638616438663739653165336635333466
66386230613839616438373739653966346635613838306566363931313763633165383066376338
66306262663930356233623339313765326637376663646463313135613431303238666230646338
34623261303333643933303835653965323562656237363531336439366239333730316638653266
33396438376266616139383531663139616639393462353961356237643634636465373338636438
33656466656164303534666638326464373165396235386463663237613938623136336532396262
62356166346636623030383138613634303035663637313330333433336463633738666436386563
61666462363038306438613234326234653164396465383937313637323866303566363438363736
36643637656363386361373165333334633538323135623134313164663234363138333230383365
64666230656235366432353438303030366366333963343333643766303238663233313064376262
36383361646336326239366462306361303732353764303834636234313935343537353633373433
39366561623465666131323336346161336662373837373837636433626664626536373061656665
36393137386361353234323064643362393863306266373462373334653337363263626561356662
37363230316263346664643033643037616137613738373935663536386633323661643638613931
35383039356532313834316134656437323939343462653562646232323539346435393134626161
62663261343061313134383636633763343264613164303861353433316235653565363034646539
64306134303539326536613365623238326665316662366633333936386366346162313865303032
66346639323231623066356239633565666437346562333335633030316664353334353335386333
62353339343336663966653937303864613238343235396235623561633361383562336634353836
36303030656238653261666638343634663830306332346366626633653133326234336435306332
36386530336136623336613436326266333736646436323165623435636435613264316534353461
62346631343535383733353834653531353031323861343066393539653565393963363236313262
33616636363830663531376439333962376164306439353233313062383234663866366331373632
62353939646138326366346264363563306335613864343739306338363137316535303332356131
62363861356430303863666461363866613830656263663830633635613162303536613164623265
64306433373266333336613336386465663431353362353232373533636435323739333361613236
32613864316239623830326164643865316638653763373362373563666464376338383837636461
30353164316531313239356132623261303133336237383331333734376266316439353634623330
64393530333565616238323739396565356565376330636435386262333265323331636462333766
38343436376337613933363662363735343561633030393161396235353437663338646232343733
39396362333135636164346366303331623364393866356636363234666530316461373165333061
63396534373234326534666139396662353737336538343132643430383634613339386334653538
62336531616232663837663739363731326661633762363035646637613338306633396638326464
62636539326437326239393962643230386361326539373333336139343333616466646135633735
38353662363965313233666338633561663530346366383866336330306261363233363731303064
62323365393163303664376334393530666263316130376362393338363961373933313832363932
66393431393464383165356634343431343337366135323531346132646235386631653838613332
65633532333462396562373933353137306330386336633866646664346365306139366236353732
64343833316532333664646332313032616566616436643736306130653735626137303265303132
37336361373539656233656263363964646439346161333864363265643432363738356632306535
36626432663938663837353530663464393936346639623038386532343465303763373734663133
38633739393065326362363432646236386132383337623435656465353261653537313132303833
31333335323137383030623031633766623838376334666432313435383032323035626533633661
36636461613038333235636331636539396637326233623165363730653463656261643635633261
33333231383334386463353561666632366633383362306431303132313331613936323561333132
36366365653739643032303464656438306530613532613334306433636532356166656231643532
36323565666664663232353239373065373434613935376236363064373362356335383733623432
37656335383861363061646261323239663466616635346238383464393534376639323839303330
64323135386266356235623366633334333236656136613462303535343534303861613366323730
64623437363036646536313134666435613830663265366463343166373432306334666331326564
35643537616363623366396434323164386235303036376437333664306432633939663632343034
39333063626564623732383966383337336564666633393230353938613366393838336162393235
30646238613630636464366132663933346233316366373030323037353964326536363464343564
33343035613063383634333039353962316134623735396261323234393534613166663832656336
38393966663361333231326234646237333564643165633336326637333734383735343964626461
61326663303233616166663564336337383565643637346233663630623861323530386232613063
39633464633439386534633562313162616133343935363431313862303661386132623936653032
39643630373538326636386461326438636233323064336532386132613431343363613962346632
34653335353230636231646564323338656439306636326566306232333237393663366233613136
34646236356638376239653164326262653865363163323539613562633838656335633736316633
34663634373330396664613062393966613163333131636664316234653138303232326635336562
32343734646531356337396565343561663962323162616432633839303933636532383335326561
63643866376532313139393336653837393432383961613039336562363730396262373162376365
65346461616233393130326464653931323634383930366632623237653430306364316666626537
31346633613634343132626431366536663731353239613636373632626431633164383761303266
65656130346662633737666330666562323664316633393135646335653764373131663262666166
36666236613061626562643730386539613135336636353763396431386562373362653435666330
66666535353364323439663361636632656235623866666536633535316630343639613135373462
30306235303336663365353961363836356338306161613532626663306561396139376464303337
35353833383461303864376361333537396662366664643034383733313833393933643765646638
65313164626164313134306130396134623435373635666165336532343335303163343137306563
65396638356536313836613864653863333132363836616663633535643063356364313437333139
35313834393437373061623134623166373038313866633163373661373664346439336663646330
66636638643965633061396437353736353163663735323164633762326362646331396463393735
38653637643234326439363962326434393332656432393862613530353565333233303064663634
64326138663163383232343962306130393439613835386136386436623731653765393464333038
31303265643061363431366337303763663231373739323036663363383330663730343766656330
38643530373665333466643437646462643738313161613164343364363463343835666634663063
31336664363432323134333563663939646665323661343138643236393537366666643837666565
39643663336133313439656430666631343965643061326134633038333062623330346435353838
61323533303830343230373363363235333939343635316434363761613537386362343034373062
64363338633837623962366138386433643835313532333638376437633063326364636263613631
35396163316638353936326264383234303933393237396161363937386563376436323037646565
36633435326235333831363462393964366661633466373331316233316137356538306535396434
64356532393363646338376234343364666532313830343965663763366436336266636234646166
61306165306663653362333061626535396538323838306264356338343538303135646634626461
35316539343261653834303831623433633065313336363832636236623964346632323966316136
38636437636662306139313262343534373764393261383561326339376664393865313831636137
35303965356161326139646431643639336631393962613262366332313465376334613631343466
32633464646237336264353235356638306635643230363538653130373735323866653264316639
65353866363335373162616334643734666638343163663132663932326634633231666433333534
30333938393335356564316634336431333930363262323732363366663532396135393038636261
65346135346337316638343164303430303139353966316662653635633939613566343439376537
32336532383235623865336163333732643435313135353333316663313437386330616130343437
62386364656337306435306234373733323866386133663237366138376632346637623733353136
62333236383831643336373464616366333964396630393961306331653235333566326433656566
62336562356139373833666634613861363262333638396139613231363439653039343734363030
39663565393033386536656333343436346132313930656338636464336230613631613031353762
66623466623566333762373462633038396132363231393665303335346231303133393063313136
38353866643739396536666339383038366363373132366464653365373736346436306134393063
62633266383438646462623439336331623235626334383832393161366466326231616635333165
66363233353366303164313631393630393739316238393339626463653030353964663338626264
30613237383963666438656666363864393166396634376164306533343064393531396530393038
66323335626262633963643862316633376534393866353564343032313235343266643562643766
36663230323863323834643739663261383833373532326166616137333939643337323363633332
65303631336265633137346632626262663465613933356662353836303463393539626662633438
38343162643565306465373866313865626162343739343463376666303163636333333231343634
34303566316436626333666532363236633631613031363965313734333337333464366535653939
61653164383733306263356164646562613765383838393334366162653863376338306162313533
38663562326239666230633536303030356636303163343336363638663464366331326261343734
66383765306163613536373130656462356465633862656632383235383130663063666636666438
34316563366165646263663633363932666262643064396262316234623035653637366336343461
64316133363031666363396439366430383166316663393235333038666238646534313632346331
63623863393161353934333837643132373462343434303536663936633236353062373339663437
36633961333861396339366363613838656162383966613166656665383966343465336663313664
62663033623832643739626466356362656366636234666634363263313362653765356339313263
38643333626666336564323531643832383639333535643834373931346530626630363737373532
39623662393861363762383839616630333761616232643830613864303634353165643638653062
32633061613762623163323866633033306364333833333135323530663531306632373761393131
61643264353164636531616431383639353161616261643135363664393734306636306362343761
65366539343836643738306236656562643237333033396564643461656262343662386232626265
39346337393431353335623166626338633762316164376463323439343239343239613734336234
37623038303738633936333038333961663633663732633664346131366636386231383263653832
31326161633730616331663631626333343633356563333762666232653738313531633635326663
35333766633233646239626133653432313764643666373361613130353937356339336433613864
32393862376661646530643333636139383636323062666634653366346632306663353238383232
62383961356265306336383961393236616565353463663338366337313963346463356339313939
34343161643764353936623461656461636461323539393631343335646537633830613530366331
38636139373738633163653738376434316331643139356666383063666334323032353666643162
61356464346439366364313137316636383866666430353334666463356132643263653235306164
38646661393738343534356134363234653962356465653765626165343330376435666165323738
66396335633739356235636339303938376365326134633033373530356230646363373632663266
31633436303962363731336530333736643237393461386362326362356563613732656431313065
36353462383537346638626632633761616639333430336133396662623163306334343936383239
38353165383230303862393534313934636532313535373233623837653062653631666133393432
66386665366164636333316238646535636263653535326137663432653234383062663039366230
34363462306666393035313233393133353832623163636631356433323435343133323237346435
36336635363038616237346631396432343932346635356134613865643631366339623238663530
65656632353030336466653737326632346130646430653433633932383461613231663937643066
34396533363465653833356134303931313433393134383934646435323331663837656664613738
33373034313138393061653035333336333264383461363038353961396662653738343666313235
38616437343033313262623063613334656637623564376431653261653961633637616539386561
39643338643061343465363762303764663861336131633938316265613637373139626636663364
39313363383933643538346561656535303633343734323238643965663335366462346333376665
33356464623662333430343234623462616135633733626437356430393164666561383534623364
34653465623237323462376434653361613530383830626436393534383935346237373339346436
39343961316665333137616238656661643632373461653537623135303466666131653137666661
66633330633862623061306562363033326666386134616464363466303131383934396331346264
63323434396266313565303935623139653163316437623731663831316336613361323237633630
30303361313065343966333139303739373839613839343430646332643236393930646538393835
63663365333462666430303235333261633934636233306463373063656235316334613631316363
66323837366366646663306133313638303465643263663237396562623464643933333539316466
35363766373864313264353935386436643963326630386662633434633534313863393933336539
31393361363130323533383232393132373334383164636332636533343930353062633436323131
66633838353732663266396134386661383865383863323937646539313230653633623536323466
39653566653461373231616566623262373636656233303730323634316262316331356133643030
62333964343363653866356465653964326230333964653237313234623165643565333439653662
30633061643331386333663533666663386137643638376636613136656234353965393035626566
30326565333338643331666666663338353336396339633439616361653661646530613539353733
30376334646661666631306261663834313233393762383865646362306238313335613262393761
61633832383563653338626661613863666131646134646361636539626334643435323035346436
37633436633462653835636236333833383335396464613831396162386335343862313966393034
38393832613536326539343839313361366162613531663234646434356231623931363364323135
37643730663263666561346466613761636231373933613166393837396264383761393139666338
61303463356439363134326338313833353866343633383235326163623733623537366636396261
61613335346435396235633738636637653934626366333063666561363932656335326437373466
36613562363534366235616361346139383532313839333763636335333234366566346263366238
64326464376239666362616161656634376465656565386631373936333037313736366430363933
35353837383465333762643934356334326164316364633535616638376232316137376466323337
64623137306465323831653162393566663032633065396132343962356634333965383765396135
38333363623962333162646430393630323363383130316164366132383332343463613162386463
35343835336531316638323535396132623834333230646562643165643134633232316434633330
31616161653238333762346632663966386161343237323561316662663563336564613131353031
66373864386265313639653461656534636333316138613132646439343538323238313366653539
62383464306231393466323437306366323533376535396337623830633434666438623662383634
63353731363266303736623539383430383839656534363432303337643235383738653961353866
35373166346634653466326163666538373263333336373333353963383537646639303835633063
30633861623236643435656163316233393431336333633234393865353336303934343866333933
39623334366136386530306161383537336430623331333163663665316564303961343731346132
66633630343866393630623663633732326363363936366664386439323535383666626137366164
34336230353538393230626535663063666362386462376339623064373234656661656536663137
38613234613033326134366163346530336464373262366132356165373039656537373232356535
36343534363438626663626264303565656266323731363266326466356432306533613566396636
37303265656661636231326139613661396664643435613739393839383238666562663163653336
30386330623434613265303639643365386233373965383737333239366362643638313239653764
35373262343434646330356233376262336564613761636235623438346633663932613065313739
38636461313464303863373330336339386338386632643064326565623366663932643630343335
66313032306430646235353632366531656332346163663634373162383165373433623463376136
38373837616133386230626433313563386662653234393163363939396463346165303832613734
38366362653533613962663936356131383030623534663734646238613138386664376665373062
62353535366630633738626465326631383137303935653336643031356235633431643131663365
35366463643437663764346634666261383465373333616366356534643966623261323335356133
32613464363833346239393431326138383766646134396333623364323530616465626430326462
63306432646631663137353164666330666363636366653939653537666333323331323531363537
31643035333932633636333231383361393332303534316665653163366363633434653264613739
32643435646136316131343662366664326365653162616165353033333866386237393737633034
31376638383033316661653466363732663565663062663038336438326139396237653463316462
34323561393666616237613634333939353961653263646263383465633732363464313766396331
38376261313766613137366234356334643738623263613637386234353138313861373338323132
37373933643165343763336439653664393539303063326564643132386264633537626463633765
33626662303531633630663133303030393638356237353130653764393365303236313438346662
33323362383131653737643066343365616263616335656434366238663963393936636537323666
63623634626635323764343031366132373036326137633266663361376234373766393832653632
66333537646630326538646433303037626337326461356565303536633832643735383734326161
30343461363538383731313666653162373737353230303235643732363966326538346563303566
62313134343461303066623961336233356336386436346634346330356337316136643431623231
34343232663533303238643638353736623033366239393531616463333331646132336235386631
35303466396563363662366166313163346439303035373335623162366561386463336339373832
38383634363363656130393063376433306230303662303839636138393765316635383335623636
37376233316638353862383463396264633761616333613461303439393664323861323634653934
32393766643931353538363966376136653165623336313765643765613363613165333936613636
35366433396563316438303266323763656266656233386631323635633539656261613336653439
32316439653335326635616161666434336339323136316365636135623833656532356363316266
63646537653534623365373438666664623330393431663238343863643036666537323937323063
33646134613663356431316233346433633831393963656236333265653432396261333166393632
31346538376464356336356133393035336639623363653063343630346664363266653833623035
61333935363232623636646331363961636433373531626635356234356132643630666365343863
65303238663337636163616336383463303639666633633830386638666539333938323161373161
35363339303536323465326366363131666437636330313331316363623862383834633564653762
30353036323762376366616663343863313565646332396135666135636130653662333232386337
32636338373233336236643136616264663763643733633036643834323232666566663339643139
63643435353764313565376561643531613065396664356231333963626565626635623330333231
66323266376166626432336531306466313862386562613036383234376630373939653132366361
31643765396266366666666365333935333063386137316666393564383938366439363066326632
66353438623436613137323361366365376533646639393539613732383536376164626337616665
30373535366336613339303065626139343639303135383938623437356263366535383631623730
30303864366563633663386630306366333265343664343834633938646365306234386432663431
66616638363038373861316362363934306664313766303135316535313664343661666633356164
62633332633834303933616562313061303436616339653465343739633133383633623237396139
32613631633336343862666165306466326637653639383130366339396435333437353237336135
33383837316362646630396333623231353936613534363566633134366430333533326536613232
39316437303034336530373662613933346337396239353131626561396164656266313432626339
35386535306537376163623233323834623630623831343263333631333162303731666635306163
37623930356164373035366363363065623930366230633833613266353638316464343933656463
32626539353262636564666464386364343038306163396236323036343062303539386431643636
30633033373661636531353964386430343132653739653630626232363833616434623462373238
36386163653763613330363936323338626162333236323365666238376531316166616531666632
36373733616535323338373735666635333531373266636365373739303864633933383738366164
30343737393133336130643833353665326666663136373431323830653265643165636536623734
34383237663139356637666530643831383737303732313533333063626639646266366664386361
64636536353830376333393430313966623238313830393832363465643866333664386566346461
35336362613362396133613831653739383138303339323838623731343265303737323766323531
61313030626137343333326663393866643032343235383963353537356633333866326338613939
32333062626161653131383039333564666565656164373835623438616231616235303963633065
65386336326238636139613833613964616537323336633739393431623366373263313031313436
61386165336235333366393862353330353765343238323664396334323166336561346332393237
33393264656435303735323864306638373132343964323730303462363665376437333965363539
64623131353039633533613661356230613566626332383065376336643230366662386465343265
31633063316437353531376539326337663761653565373037323637373162643334333431613434
66303938336165646330633335313061663466613430323761346236313233666434386639613236
35616234363737373436653761646664316464373834323461633835386566633535616466626532
33666130616131306539303537633562323762646133353432323235326265373762303763306135
39336633303361343538616637656264363132376666333136353038633061366266313832306666
31623631333861303065653035363131363334393062396165313961633663363237383263653335
32346235653533316431313430323133613736306536333333393830333563343533333861613536
38646536623130663531303837333661323331653664656237396138383764333765376538653932
64353566613135316362623236623330316464326538666130366533383063613862633835626562
35633931336233666162393963636436383532396130633034626136653062646666376438613165
63636632333933663636343932363863333239633265386635383962326633376531363265383563
64373432643964636139373865626338643662653930356331383262373365616538613739336232
36383533333130336561376665653164623338663036376131653663303961313732363861653463
38356637373765356638653131613538343462613461666163396231313366373861626430656162
38396163323537333763323963356166366531363630363634313235653731313035336335386264
36343132646635643666376233336336626339666635633336326235333936656434333565313166
31383663383936643539666562356337346461386338313235323363303234393362396561613466
33343933616364653937336461383330613336666138303638313632306539363830316166336362
65303734373030616364326561623664316363386263663332336631353665643939643331393431
66393831663363653933353034656563363862366130633137373834306138396334636462633232
33643061623563316433646366323564336133373338383461316630616634623735303736386262
66373333363535393235343634636332323231376633653163313837313363613837646536396134
34646566666439616631383733363430633937366634333865313365383831306132306330343239
30313263633935656365376636303139356562393866613738376635343830663231666630383031
30363066383531303463663333626564313430656230386638636533383036323232366331326635
37323962316437373262336535393366613330353837306362333664343138666430643862303331
66303736626166336330343763303039363838376162373562396265613935666434656235626563
61636531353834626562663135653263313039656461393436343463366135333937333462366139
32306231616236623536653834333761306365643435653737373762623537346338323162623239
39333438663534663663346133373066626239353162383861393432396537383434636433373631
63623530643333306563626630633132366539353062613431316162383930346532383664663066
35623731386562323230353737653237643937363336393132363333626434343061643436396435
38323138663137646631613162353136623462303839396432663437353739666331383566613263
63643664353662343861373237626236666462663630623761383535633961643537613730383633
34613232303463393561316366393136633330636330326634313939363634393932333436656663
61626561343639313739386130383030363439373764633537623937346134633364313766653232
61386130343663333262643263376561636163303437663463663862653466613635643462653262
64333563633762656235343235666230313464333032393030623539613233353466383366366437
39343631653263633235656363383563396337633939656438613238303365363639613864626137
37346439373837306135363561323561306331366662313033373531336634306366333865313966
61333136343931333437626163386566363264306464306264656339383330303666
